(kicad_pcb (version 20171130) (host pcbnew "(5.0.2)-1")

  (general
    (thickness 1.6)
    (drawings 188)
    (tracks 503)
    (zones 0)
    (modules 46)
    (nets 59)
  )

  (page A4)
  (title_block
    (title "Trailer Leveler PCB Layout")
    (rev 1)
  )

  (layers
    (0 F.Cu signal)
    (31 B.Cu signal)
    (32 B.Adhes user)
    (33 F.Adhes user)
    (34 B.Paste user)
    (35 F.Paste user)
    (36 B.SilkS user)
    (37 F.SilkS user)
    (38 B.Mask user)
    (39 F.Mask user)
    (40 Dwgs.User user)
    (41 Cmts.User user)
    (42 Eco1.User user)
    (43 Eco2.User user)
    (44 Edge.Cuts user)
    (45 Margin user)
    (46 B.CrtYd user)
    (47 F.CrtYd user)
    (48 B.Fab user hide)
    (49 F.Fab user hide)
  )

  (setup
    (last_trace_width 0.25)
    (user_trace_width 0.4)
    (user_trace_width 0.5)
    (trace_clearance 0.2)
    (zone_clearance 0.508)
    (zone_45_only no)
    (trace_min 0.2)
    (segment_width 0.2)
    (edge_width 0.15)
    (via_size 0.6)
    (via_drill 0.4)
    (via_min_size 0.4)
    (via_min_drill 0.3)
    (uvia_size 0.3)
    (uvia_drill 0.1)
    (uvias_allowed no)
    (uvia_min_size 0.2)
    (uvia_min_drill 0.1)
    (pcb_text_width 0.3)
    (pcb_text_size 1.5 1.5)
    (mod_edge_width 0.15)
    (mod_text_size 0.8 0.8)
    (mod_text_width 0.125)
    (pad_size 1 1)
    (pad_drill 0.65)
    (pad_to_mask_clearance 0.2)
    (solder_mask_min_width 0.25)
    (aux_axis_origin 0 0)
    (visible_elements 7FFDFFFF)
    (pcbplotparams
      (layerselection 0x310fc_ffffffff)
      (usegerberextensions false)
      (usegerberattributes false)
      (usegerberadvancedattributes false)
      (creategerberjobfile false)
      (excludeedgelayer true)
      (linewidth 0.100000)
      (plotframeref false)
      (viasonmask false)
      (mode 1)
      (useauxorigin false)
      (hpglpennumber 1)
      (hpglpenspeed 20)
      (hpglpendiameter 15.000000)
      (psnegative false)
      (psa4output false)
      (plotreference true)
      (plotvalue true)
      (plotinvisibletext false)
      (padsonsilk false)
      (subtractmaskfromsilk false)
      (outputformat 1)
      (mirror false)
      (drillshape 0)
      (scaleselection 1)
      (outputdirectory "../GERBERS/"))
  )

  (net 0 "")
  (net 1 "Net-(J5-Pad3)")
  (net 2 "Net-(J5-Pad2)")
  (net 3 GNDD)
  (net 4 3.3V)
  (net 5 "Net-(C3-Pad1)")
  (net 6 VUSB)
  (net 7 "Net-(D1-Pad1)")
  (net 8 MISO)
  (net 9 RST)
  (net 10 SDA)
  (net 11 SCL)
  (net 12 +BATT)
  (net 13 VIN)
  (net 14 "Net-(D4-Pad1)")
  (net 15 -BATT)
  (net 16 "Net-(U3-Pad11)")
  (net 17 "Net-(C6-Pad1)")
  (net 18 "Net-(D5-Pad1)")
  (net 19 "Net-(D6-Pad1)")
  (net 20 "Net-(U3-Pad1)")
  (net 21 "Net-(U3-Pad3)")
  (net 22 "Net-(U3-Pad13)")
  (net 23 "Net-(U3-Pad16)")
  (net 24 "Net-(D2-Pad1)")
  (net 25 "Net-(D3-Pad1)")
  (net 26 "Net-(C4-Pad1)")
  (net 27 SCK)
  (net 28 "Net-(D6-Pad2)")
  (net 29 "Net-(D7-Pad1)")
  (net 30 MOSI)
  (net 31 "Net-(J5-Pad4)")
  (net 32 "Net-(Q1-Pad1)")
  (net 33 "Net-(R5-Pad1)")
  (net 34 "Net-(R6-Pad2)")
  (net 35 "Net-(R13-Pad2)")
  (net 36 "Net-(R15-Pad2)")
  (net 37 "Net-(SW1-Pad3)")
  (net 38 "Net-(U1-Pad4)")
  (net 39 BTTX)
  (net 40 BTRX)
  (net 41 "Net-(U2-Pad2)")
  (net 42 MPU_INT)
  (net 43 "Net-(Y1-Pad2)")
  (net 44 "Net-(Y1-Pad4)")
  (net 45 "Net-(J3-Pad5)")
  (net 46 "Net-(J3-Pad6)")
  (net 47 "Net-(J3-Pad7)")
  (net 48 "Net-(R16-Pad1)")
  (net 49 BT)
  (net 50 pin14)
  (net 51 pin13)
  (net 52 pin12)
  (net 53 pin11)
  (net 54 pin10)
  (net 55 pin26)
  (net 56 pin25)
  (net 57 pin24)
  (net 58 pin23)

  (net_class Default "This is the default net class."
    (clearance 0.2)
    (trace_width 0.25)
    (via_dia 0.6)
    (via_drill 0.4)
    (uvia_dia 0.3)
    (uvia_drill 0.1)
    (add_net +BATT)
    (add_net -BATT)
    (add_net 3.3V)
    (add_net BT)
    (add_net BTRX)
    (add_net BTTX)
    (add_net GNDD)
    (add_net MISO)
    (add_net MOSI)
    (add_net MPU_INT)
    (add_net "Net-(C3-Pad1)")
    (add_net "Net-(C4-Pad1)")
    (add_net "Net-(C6-Pad1)")
    (add_net "Net-(D1-Pad1)")
    (add_net "Net-(D2-Pad1)")
    (add_net "Net-(D3-Pad1)")
    (add_net "Net-(D4-Pad1)")
    (add_net "Net-(D5-Pad1)")
    (add_net "Net-(D6-Pad1)")
    (add_net "Net-(D6-Pad2)")
    (add_net "Net-(D7-Pad1)")
    (add_net "Net-(J3-Pad5)")
    (add_net "Net-(J3-Pad6)")
    (add_net "Net-(J3-Pad7)")
    (add_net "Net-(J5-Pad2)")
    (add_net "Net-(J5-Pad3)")
    (add_net "Net-(J5-Pad4)")
    (add_net "Net-(Q1-Pad1)")
    (add_net "Net-(R13-Pad2)")
    (add_net "Net-(R15-Pad2)")
    (add_net "Net-(R16-Pad1)")
    (add_net "Net-(R5-Pad1)")
    (add_net "Net-(R6-Pad2)")
    (add_net "Net-(SW1-Pad3)")
    (add_net "Net-(U1-Pad4)")
    (add_net "Net-(U2-Pad2)")
    (add_net "Net-(U3-Pad1)")
    (add_net "Net-(U3-Pad11)")
    (add_net "Net-(U3-Pad13)")
    (add_net "Net-(U3-Pad16)")
    (add_net "Net-(U3-Pad3)")
    (add_net "Net-(Y1-Pad2)")
    (add_net "Net-(Y1-Pad4)")
    (add_net RST)
    (add_net SCK)
    (add_net SCL)
    (add_net SDA)
    (add_net VIN)
    (add_net VUSB)
    (add_net pin10)
    (add_net pin11)
    (add_net pin12)
    (add_net pin13)
    (add_net pin14)
    (add_net pin23)
    (add_net pin24)
    (add_net pin25)
    (add_net pin26)
  )

  (module USB:USB_Micro_C77238 (layer F.Cu) (tedit 5C050752) (tstamp 5FB76882)
    (at -25.476 11.176 270)
    (path /5C3AC7CC)
    (fp_text reference J5 (at 0.508 -0.254 270) (layer F.SilkS)
      (effects (font (size 0.8 0.8) (thickness 0.125)))
    )
    (fp_text value USB_OTG (at 0 -4.953 270) (layer F.Fab)
      (effects (font (size 1 1) (thickness 0.15)))
    )
    (pad 1 smd rect (at -1.3 -2.87 270) (size 0.4 1.8) (layers F.Cu F.Paste F.Mask)
      (net 6 VUSB))
    (pad 2 smd rect (at -0.65 -2.87 270) (size 0.4 1.8) (layers F.Cu F.Paste F.Mask)
      (net 2 "Net-(J5-Pad2)"))
    (pad 3 smd rect (at 0 -2.87 270) (size 0.4 1.8) (layers F.Cu F.Paste F.Mask)
      (net 1 "Net-(J5-Pad3)"))
    (pad 4 smd rect (at 0.65 -2.87 270) (size 0.4 1.8) (layers F.Cu F.Paste F.Mask)
      (net 31 "Net-(J5-Pad4)"))
    (pad 5 smd rect (at 1.3 -2.87 270) (size 0.4 1.8) (layers F.Cu F.Paste F.Mask)
      (net 3 GNDD))
    (pad "" smd rect (at -4.075 0 270) (size 1.35 1.5) (layers F.Cu F.Paste F.Mask))
    (pad "" smd rect (at 4.075 0 270) (size 1.35 1.5) (layers F.Cu F.Paste F.Mask))
    (pad "" smd rect (at -3.25 -2.7 270) (size 1.5 1.4) (layers F.Cu F.Paste F.Mask))
    (pad "" smd rect (at 3.25 -2.7 270) (size 1.5 1.4) (layers F.Cu F.Paste F.Mask))
    (pad "" np_thru_hole circle (at -2 -2.15 270) (size 0.5 0.5) (drill 0.5) (layers *.Cu *.Mask))
    (pad "" np_thru_hole circle (at 2 -2.15 270) (size 0.5 0.5) (drill 0.5) (layers *.Cu *.Mask))
    (pad "" smd rect (at 1.5 1.15 270) (size 1.1 1) (layers F.Cu F.Paste F.Mask))
    (pad "" smd rect (at -1.5 1.15 270) (size 1.1 1) (layers F.Cu F.Paste F.Mask))
  )

  (module Pin_Headers:Pin_Header_Straight_2x03_Pitch2.54mm (layer F.Cu) (tedit 59650532) (tstamp 5FB76FA4)
    (at 12.954 19.558 180)
    (descr "Through hole straight pin header, 2x03, 2.54mm pitch, double rows")
    (tags "Through hole pin header THT 2x03 2.54mm double row")
    (path /5C383923)
    (fp_text reference J1 (at 1.27 -2.33 180) (layer F.SilkS)
      (effects (font (size 0.8 0.8) (thickness 0.125)))
    )
    (fp_text value Conn_02x03_Odd_Even (at 1.27 7.41 180) (layer F.Fab)
      (effects (font (size 1 1) (thickness 0.15)))
    )
    (fp_text user %R (at 1.27 2.54 270) (layer F.Fab)
      (effects (font (size 1 1) (thickness 0.15)))
    )
    (fp_line (start 4.35 -1.8) (end -1.8 -1.8) (layer F.CrtYd) (width 0.05))
    (fp_line (start 4.35 6.85) (end 4.35 -1.8) (layer F.CrtYd) (width 0.05))
    (fp_line (start -1.8 6.85) (end 4.35 6.85) (layer F.CrtYd) (width 0.05))
    (fp_line (start -1.8 -1.8) (end -1.8 6.85) (layer F.CrtYd) (width 0.05))
    (fp_line (start -1.33 -1.33) (end 0 -1.33) (layer F.SilkS) (width 0.12))
    (fp_line (start -1.33 0) (end -1.33 -1.33) (layer F.SilkS) (width 0.12))
    (fp_line (start 1.27 -1.33) (end 3.87 -1.33) (layer F.SilkS) (width 0.12))
    (fp_line (start 1.27 1.27) (end 1.27 -1.33) (layer F.SilkS) (width 0.12))
    (fp_line (start -1.33 1.27) (end 1.27 1.27) (layer F.SilkS) (width 0.12))
    (fp_line (start 3.87 -1.33) (end 3.87 6.41) (layer F.SilkS) (width 0.12))
    (fp_line (start -1.33 1.27) (end -1.33 6.41) (layer F.SilkS) (width 0.12))
    (fp_line (start -1.33 6.41) (end 3.87 6.41) (layer F.SilkS) (width 0.12))
    (fp_line (start -1.27 0) (end 0 -1.27) (layer F.Fab) (width 0.1))
    (fp_line (start -1.27 6.35) (end -1.27 0) (layer F.Fab) (width 0.1))
    (fp_line (start 3.81 6.35) (end -1.27 6.35) (layer F.Fab) (width 0.1))
    (fp_line (start 3.81 -1.27) (end 3.81 6.35) (layer F.Fab) (width 0.1))
    (fp_line (start 0 -1.27) (end 3.81 -1.27) (layer F.Fab) (width 0.1))
    (pad 6 thru_hole oval (at 2.54 5.08 180) (size 1.7 1.7) (drill 1) (layers *.Cu *.Mask)
      (net 8 MISO))
    (pad 5 thru_hole oval (at 0 5.08 180) (size 1.7 1.7) (drill 1) (layers *.Cu *.Mask)
      (net 4 3.3V))
    (pad 4 thru_hole oval (at 2.54 2.54 180) (size 1.7 1.7) (drill 1) (layers *.Cu *.Mask)
      (net 27 SCK))
    (pad 3 thru_hole oval (at 0 2.54 180) (size 1.7 1.7) (drill 1) (layers *.Cu *.Mask)
      (net 30 MOSI))
    (pad 2 thru_hole oval (at 2.54 0 180) (size 1.7 1.7) (drill 1) (layers *.Cu *.Mask)
      (net 9 RST))
    (pad 1 thru_hole rect (at 0 0 180) (size 1.7 1.7) (drill 1) (layers *.Cu *.Mask)
      (net 3 GNDD))
    (model ${KISYS3DMOD}/Pin_Headers.3dshapes/Pin_Header_Straight_2x03_Pitch2.54mm.wrl
      (at (xyz 0 0 0))
      (scale (xyz 1 1 1))
      (rotate (xyz 0 0 0))
    )
  )

  (module Housings_QFP:TQFP-32_7x7mm_Pitch0.8mm (layer F.Cu) (tedit 58CC9A48) (tstamp 5FBD7A31)
    (at -0.254 -2.794)
    (descr "32-Lead Plastic Thin Quad Flatpack (PT) - 7x7x1.0 mm Body, 2.00 mm [TQFP] (see Microchip Packaging Specification 00000049BS.pdf)")
    (tags "QFP 0.8")
    (path /5C3AA62F)
    (attr smd)
    (fp_text reference U2 (at 0 -6.05) (layer F.SilkS)
      (effects (font (size 0.8 0.8) (thickness 0.125)))
    )
    (fp_text value ATMEGA328P-AU (at 0 6.05) (layer F.Fab)
      (effects (font (size 1 1) (thickness 0.15)))
    )
    (fp_line (start -3.625 -3.4) (end -5.05 -3.4) (layer F.SilkS) (width 0.15))
    (fp_line (start 3.625 -3.625) (end 3.3 -3.625) (layer F.SilkS) (width 0.15))
    (fp_line (start 3.625 3.625) (end 3.3 3.625) (layer F.SilkS) (width 0.15))
    (fp_line (start -3.625 3.625) (end -3.3 3.625) (layer F.SilkS) (width 0.15))
    (fp_line (start -3.625 -3.625) (end -3.3 -3.625) (layer F.SilkS) (width 0.15))
    (fp_line (start -3.625 3.625) (end -3.625 3.3) (layer F.SilkS) (width 0.15))
    (fp_line (start 3.625 3.625) (end 3.625 3.3) (layer F.SilkS) (width 0.15))
    (fp_line (start 3.625 -3.625) (end 3.625 -3.3) (layer F.SilkS) (width 0.15))
    (fp_line (start -3.625 -3.625) (end -3.625 -3.4) (layer F.SilkS) (width 0.15))
    (fp_line (start -5.3 5.3) (end 5.3 5.3) (layer F.CrtYd) (width 0.05))
    (fp_line (start -5.3 -5.3) (end 5.3 -5.3) (layer F.CrtYd) (width 0.05))
    (fp_line (start 5.3 -5.3) (end 5.3 5.3) (layer F.CrtYd) (width 0.05))
    (fp_line (start -5.3 -5.3) (end -5.3 5.3) (layer F.CrtYd) (width 0.05))
    (fp_line (start -3.5 -2.5) (end -2.5 -3.5) (layer F.Fab) (width 0.15))
    (fp_line (start -3.5 3.5) (end -3.5 -2.5) (layer F.Fab) (width 0.15))
    (fp_line (start 3.5 3.5) (end -3.5 3.5) (layer F.Fab) (width 0.15))
    (fp_line (start 3.5 -3.5) (end 3.5 3.5) (layer F.Fab) (width 0.15))
    (fp_line (start -2.5 -3.5) (end 3.5 -3.5) (layer F.Fab) (width 0.15))
    (fp_text user %R (at 0 0) (layer F.Fab)
      (effects (font (size 1 1) (thickness 0.15)))
    )
    (pad 32 smd rect (at -2.8 -4.25 90) (size 1.6 0.55) (layers F.Cu F.Paste F.Mask)
      (net 39 BTTX))
    (pad 31 smd rect (at -2 -4.25 90) (size 1.6 0.55) (layers F.Cu F.Paste F.Mask)
      (net 40 BTRX))
    (pad 30 smd rect (at -1.2 -4.25 90) (size 1.6 0.55) (layers F.Cu F.Paste F.Mask)
      (net 39 BTTX))
    (pad 29 smd rect (at -0.4 -4.25 90) (size 1.6 0.55) (layers F.Cu F.Paste F.Mask)
      (net 9 RST))
    (pad 28 smd rect (at 0.4 -4.25 90) (size 1.6 0.55) (layers F.Cu F.Paste F.Mask)
      (net 11 SCL))
    (pad 27 smd rect (at 1.2 -4.25 90) (size 1.6 0.55) (layers F.Cu F.Paste F.Mask)
      (net 10 SDA))
    (pad 26 smd rect (at 2 -4.25 90) (size 1.6 0.55) (layers F.Cu F.Paste F.Mask)
      (net 55 pin26))
    (pad 25 smd rect (at 2.8 -4.25 90) (size 1.6 0.55) (layers F.Cu F.Paste F.Mask)
      (net 56 pin25))
    (pad 24 smd rect (at 4.25 -2.8) (size 1.6 0.55) (layers F.Cu F.Paste F.Mask)
      (net 57 pin24))
    (pad 23 smd rect (at 4.25 -2) (size 1.6 0.55) (layers F.Cu F.Paste F.Mask)
      (net 58 pin23))
    (pad 22 smd rect (at 4.25 -1.2) (size 1.6 0.55) (layers F.Cu F.Paste F.Mask)
      (net 25 "Net-(D3-Pad1)"))
    (pad 21 smd rect (at 4.25 -0.4) (size 1.6 0.55) (layers F.Cu F.Paste F.Mask)
      (net 3 GNDD))
    (pad 20 smd rect (at 4.25 0.4) (size 1.6 0.55) (layers F.Cu F.Paste F.Mask)
      (net 4 3.3V))
    (pad 19 smd rect (at 4.25 1.2) (size 1.6 0.55) (layers F.Cu F.Paste F.Mask)
      (net 49 BT))
    (pad 18 smd rect (at 4.25 2) (size 1.6 0.55) (layers F.Cu F.Paste F.Mask)
      (net 4 3.3V))
    (pad 17 smd rect (at 4.25 2.8) (size 1.6 0.55) (layers F.Cu F.Paste F.Mask)
      (net 27 SCK))
    (pad 16 smd rect (at 2.8 4.25 90) (size 1.6 0.55) (layers F.Cu F.Paste F.Mask)
      (net 8 MISO))
    (pad 15 smd rect (at 2 4.25 90) (size 1.6 0.55) (layers F.Cu F.Paste F.Mask)
      (net 30 MOSI))
    (pad 14 smd rect (at 1.2 4.25 90) (size 1.6 0.55) (layers F.Cu F.Paste F.Mask)
      (net 50 pin14))
    (pad 13 smd rect (at 0.4 4.25 90) (size 1.6 0.55) (layers F.Cu F.Paste F.Mask)
      (net 51 pin13))
    (pad 12 smd rect (at -0.4 4.25 90) (size 1.6 0.55) (layers F.Cu F.Paste F.Mask)
      (net 52 pin12))
    (pad 11 smd rect (at -1.2 4.25 90) (size 1.6 0.55) (layers F.Cu F.Paste F.Mask)
      (net 53 pin11))
    (pad 10 smd rect (at -2 4.25 90) (size 1.6 0.55) (layers F.Cu F.Paste F.Mask)
      (net 54 pin10))
    (pad 9 smd rect (at -2.8 4.25 90) (size 1.6 0.55) (layers F.Cu F.Paste F.Mask)
      (net 34 "Net-(R6-Pad2)"))
    (pad 8 smd rect (at -4.25 2.8) (size 1.6 0.55) (layers F.Cu F.Paste F.Mask)
      (net 26 "Net-(C4-Pad1)"))
    (pad 7 smd rect (at -4.25 2) (size 1.6 0.55) (layers F.Cu F.Paste F.Mask)
      (net 5 "Net-(C3-Pad1)"))
    (pad 6 smd rect (at -4.25 1.2) (size 1.6 0.55) (layers F.Cu F.Paste F.Mask)
      (net 4 3.3V))
    (pad 5 smd rect (at -4.25 0.4) (size 1.6 0.55) (layers F.Cu F.Paste F.Mask)
      (net 3 GNDD))
    (pad 4 smd rect (at -4.25 -0.4) (size 1.6 0.55) (layers F.Cu F.Paste F.Mask)
      (net 4 3.3V))
    (pad 3 smd rect (at -4.25 -1.2) (size 1.6 0.55) (layers F.Cu F.Paste F.Mask)
      (net 3 GNDD))
    (pad 2 smd rect (at -4.25 -2) (size 1.6 0.55) (layers F.Cu F.Paste F.Mask)
      (net 41 "Net-(U2-Pad2)"))
    (pad 1 smd rect (at -4.25 -2.8) (size 1.6 0.55) (layers F.Cu F.Paste F.Mask)
      (net 42 MPU_INT))
    (model ${KISYS3DMOD}/Housings_QFP.3dshapes/TQFP-32_7x7mm_Pitch0.8mm.wrl
      (at (xyz 0 0 0))
      (scale (xyz 1 1 1))
      (rotate (xyz 0 0 0))
    )
  )

  (module Crystal:Crystal_SMD_2016-4Pin_2.0x1.6mm (layer F.Cu) (tedit 5A0FD1B2) (tstamp 5FB76E59)
    (at -5.396 4.276 180)
    (descr "SMD Crystal SERIES SMD2016/4 http://www.q-crystal.com/upload/5/2015552223166229.pdf, 2.0x1.6mm^2 package")
    (tags "SMD SMT crystal")
    (path /5D351593)
    (attr smd)
    (fp_text reference Y1 (at -2.286 0 180) (layer F.SilkS)
      (effects (font (size 0.8 0.8) (thickness 0.125)))
    )
    (fp_text value Crystal_GND24_Small (at 0 2 180) (layer F.Fab)
      (effects (font (size 1 1) (thickness 0.15)))
    )
    (fp_text user %R (at 0 0 180) (layer F.Fab)
      (effects (font (size 0.5 0.5) (thickness 0.075)))
    )
    (fp_line (start -0.9 -0.8) (end 0.9 -0.8) (layer F.Fab) (width 0.1))
    (fp_line (start 0.9 -0.8) (end 1 -0.7) (layer F.Fab) (width 0.1))
    (fp_line (start 1 -0.7) (end 1 0.7) (layer F.Fab) (width 0.1))
    (fp_line (start 1 0.7) (end 0.9 0.8) (layer F.Fab) (width 0.1))
    (fp_line (start 0.9 0.8) (end -0.9 0.8) (layer F.Fab) (width 0.1))
    (fp_line (start -0.9 0.8) (end -1 0.7) (layer F.Fab) (width 0.1))
    (fp_line (start -1 0.7) (end -1 -0.7) (layer F.Fab) (width 0.1))
    (fp_line (start -1 -0.7) (end -0.9 -0.8) (layer F.Fab) (width 0.1))
    (fp_line (start -1 0.3) (end -0.5 0.8) (layer F.Fab) (width 0.1))
    (fp_line (start -1.35 -1.15) (end -1.35 1.15) (layer F.SilkS) (width 0.12))
    (fp_line (start -1.35 1.15) (end 1.35 1.15) (layer F.SilkS) (width 0.12))
    (fp_line (start -1.4 -1.3) (end -1.4 1.3) (layer F.CrtYd) (width 0.05))
    (fp_line (start -1.4 1.3) (end 1.4 1.3) (layer F.CrtYd) (width 0.05))
    (fp_line (start 1.4 1.3) (end 1.4 -1.3) (layer F.CrtYd) (width 0.05))
    (fp_line (start 1.4 -1.3) (end -1.4 -1.3) (layer F.CrtYd) (width 0.05))
    (pad 1 smd rect (at -0.7 0.55 180) (size 0.9 0.8) (layers F.Cu F.Paste F.Mask)
      (net 26 "Net-(C4-Pad1)"))
    (pad 2 smd rect (at 0.7 0.55 180) (size 0.9 0.8) (layers F.Cu F.Paste F.Mask)
      (net 43 "Net-(Y1-Pad2)"))
    (pad 3 smd rect (at 0.7 -0.55 180) (size 0.9 0.8) (layers F.Cu F.Paste F.Mask)
      (net 5 "Net-(C3-Pad1)"))
    (pad 4 smd rect (at -0.7 -0.55 180) (size 0.9 0.8) (layers F.Cu F.Paste F.Mask)
      (net 44 "Net-(Y1-Pad4)"))
    (model ${KISYS3DMOD}/Crystal.3dshapes/Crystal_SMD_2016-4Pin_2.0x1.6mm.wrl
      (at (xyz 0 0 0))
      (scale (xyz 1 1 1))
      (rotate (xyz 0 0 0))
    )
  )

  (module Capacitor_SMD:C_0603_1608Metric (layer F.Cu) (tedit 5B301BBE) (tstamp 5FB76DC2)
    (at -18.796 -6.604 180)
    (descr "Capacitor SMD 0603 (1608 Metric), square (rectangular) end terminal, IPC_7351 nominal, (Body size source: http://www.tortai-tech.com/upload/download/2011102023233369053.pdf), generated with kicad-footprint-generator")
    (tags capacitor)
    (path /5CC445C3)
    (attr smd)
    (fp_text reference C1 (at -2.54 0 180) (layer F.SilkS)
      (effects (font (size 0.8 0.8) (thickness 0.125)))
    )
    (fp_text value 100nF (at 0 1.43 180) (layer F.Fab)
      (effects (font (size 1 1) (thickness 0.15)))
    )
    (fp_line (start -0.8 0.4) (end -0.8 -0.4) (layer F.Fab) (width 0.1))
    (fp_line (start -0.8 -0.4) (end 0.8 -0.4) (layer F.Fab) (width 0.1))
    (fp_line (start 0.8 -0.4) (end 0.8 0.4) (layer F.Fab) (width 0.1))
    (fp_line (start 0.8 0.4) (end -0.8 0.4) (layer F.Fab) (width 0.1))
    (fp_line (start -0.162779 -0.51) (end 0.162779 -0.51) (layer F.SilkS) (width 0.12))
    (fp_line (start -0.162779 0.51) (end 0.162779 0.51) (layer F.SilkS) (width 0.12))
    (fp_line (start -1.48 0.73) (end -1.48 -0.73) (layer F.CrtYd) (width 0.05))
    (fp_line (start -1.48 -0.73) (end 1.48 -0.73) (layer F.CrtYd) (width 0.05))
    (fp_line (start 1.48 -0.73) (end 1.48 0.73) (layer F.CrtYd) (width 0.05))
    (fp_line (start 1.48 0.73) (end -1.48 0.73) (layer F.CrtYd) (width 0.05))
    (fp_text user %R (at 0 0 180) (layer F.Fab)
      (effects (font (size 0.4 0.4) (thickness 0.06)))
    )
    (pad 1 smd roundrect (at -0.7875 0 180) (size 0.875 0.95) (layers F.Cu F.Paste F.Mask) (roundrect_rratio 0.25)
      (net 4 3.3V))
    (pad 2 smd roundrect (at 0.7875 0 180) (size 0.875 0.95) (layers F.Cu F.Paste F.Mask) (roundrect_rratio 0.25)
      (net 3 GNDD))
    (model ${KISYS3DMOD}/Capacitor_SMD.3dshapes/C_0603_1608Metric.wrl
      (at (xyz 0 0 0))
      (scale (xyz 1 1 1))
      (rotate (xyz 0 0 0))
    )
  )

  (module Capacitor_SMD:C_0603_1608Metric (layer F.Cu) (tedit 5B301BBE) (tstamp 5FB784CC)
    (at -18.796 -14.478)
    (descr "Capacitor SMD 0603 (1608 Metric), square (rectangular) end terminal, IPC_7351 nominal, (Body size source: http://www.tortai-tech.com/upload/download/2011102023233369053.pdf), generated with kicad-footprint-generator")
    (tags capacitor)
    (path /5CC4446B)
    (attr smd)
    (fp_text reference C2 (at 2.54 0) (layer F.SilkS)
      (effects (font (size 0.8 0.8) (thickness 0.125)))
    )
    (fp_text value 100nF (at 0 1.43) (layer F.Fab)
      (effects (font (size 1 1) (thickness 0.15)))
    )
    (fp_text user %R (at 0 0) (layer F.Fab)
      (effects (font (size 0.4 0.4) (thickness 0.06)))
    )
    (fp_line (start 1.48 0.73) (end -1.48 0.73) (layer F.CrtYd) (width 0.05))
    (fp_line (start 1.48 -0.73) (end 1.48 0.73) (layer F.CrtYd) (width 0.05))
    (fp_line (start -1.48 -0.73) (end 1.48 -0.73) (layer F.CrtYd) (width 0.05))
    (fp_line (start -1.48 0.73) (end -1.48 -0.73) (layer F.CrtYd) (width 0.05))
    (fp_line (start -0.162779 0.51) (end 0.162779 0.51) (layer F.SilkS) (width 0.12))
    (fp_line (start -0.162779 -0.51) (end 0.162779 -0.51) (layer F.SilkS) (width 0.12))
    (fp_line (start 0.8 0.4) (end -0.8 0.4) (layer F.Fab) (width 0.1))
    (fp_line (start 0.8 -0.4) (end 0.8 0.4) (layer F.Fab) (width 0.1))
    (fp_line (start -0.8 -0.4) (end 0.8 -0.4) (layer F.Fab) (width 0.1))
    (fp_line (start -0.8 0.4) (end -0.8 -0.4) (layer F.Fab) (width 0.1))
    (pad 2 smd roundrect (at 0.7875 0) (size 0.875 0.95) (layers F.Cu F.Paste F.Mask) (roundrect_rratio 0.25)
      (net 3 GNDD))
    (pad 1 smd roundrect (at -0.7875 0) (size 0.875 0.95) (layers F.Cu F.Paste F.Mask) (roundrect_rratio 0.25)
      (net 13 VIN))
    (model ${KISYS3DMOD}/Capacitor_SMD.3dshapes/C_0603_1608Metric.wrl
      (at (xyz 0 0 0))
      (scale (xyz 1 1 1))
      (rotate (xyz 0 0 0))
    )
  )

  (module Capacitor_SMD:C_0603_1608Metric (layer F.Cu) (tedit 5B301BBE) (tstamp 5FB7ACE0)
    (at -6.096 7.112 270)
    (descr "Capacitor SMD 0603 (1608 Metric), square (rectangular) end terminal, IPC_7351 nominal, (Body size source: http://www.tortai-tech.com/upload/download/2011102023233369053.pdf), generated with kicad-footprint-generator")
    (tags capacitor)
    (path /5C765003)
    (attr smd)
    (fp_text reference C3 (at 2.5145 0 270) (layer F.SilkS)
      (effects (font (size 0.8 0.8) (thickness 0.125)))
    )
    (fp_text value 10pF (at 0 1.43 270) (layer F.Fab)
      (effects (font (size 1 1) (thickness 0.15)))
    )
    (fp_line (start -0.8 0.4) (end -0.8 -0.4) (layer F.Fab) (width 0.1))
    (fp_line (start -0.8 -0.4) (end 0.8 -0.4) (layer F.Fab) (width 0.1))
    (fp_line (start 0.8 -0.4) (end 0.8 0.4) (layer F.Fab) (width 0.1))
    (fp_line (start 0.8 0.4) (end -0.8 0.4) (layer F.Fab) (width 0.1))
    (fp_line (start -0.162779 -0.51) (end 0.162779 -0.51) (layer F.SilkS) (width 0.12))
    (fp_line (start -0.162779 0.51) (end 0.162779 0.51) (layer F.SilkS) (width 0.12))
    (fp_line (start -1.48 0.73) (end -1.48 -0.73) (layer F.CrtYd) (width 0.05))
    (fp_line (start -1.48 -0.73) (end 1.48 -0.73) (layer F.CrtYd) (width 0.05))
    (fp_line (start 1.48 -0.73) (end 1.48 0.73) (layer F.CrtYd) (width 0.05))
    (fp_line (start 1.48 0.73) (end -1.48 0.73) (layer F.CrtYd) (width 0.05))
    (fp_text user %R (at 0 0 270) (layer F.Fab)
      (effects (font (size 0.4 0.4) (thickness 0.06)))
    )
    (pad 1 smd roundrect (at -0.7875 0 270) (size 0.875 0.95) (layers F.Cu F.Paste F.Mask) (roundrect_rratio 0.25)
      (net 5 "Net-(C3-Pad1)"))
    (pad 2 smd roundrect (at 0.7875 0 270) (size 0.875 0.95) (layers F.Cu F.Paste F.Mask) (roundrect_rratio 0.25)
      (net 3 GNDD))
    (model ${KISYS3DMOD}/Capacitor_SMD.3dshapes/C_0603_1608Metric.wrl
      (at (xyz 0 0 0))
      (scale (xyz 1 1 1))
      (rotate (xyz 0 0 0))
    )
  )

  (module Capacitor_SMD:C_0603_1608Metric (layer F.Cu) (tedit 5B301BBE) (tstamp 5FB7B038)
    (at -4.572 7.112 270)
    (descr "Capacitor SMD 0603 (1608 Metric), square (rectangular) end terminal, IPC_7351 nominal, (Body size source: http://www.tortai-tech.com/upload/download/2011102023233369053.pdf), generated with kicad-footprint-generator")
    (tags capacitor)
    (path /5C3B2940)
    (attr smd)
    (fp_text reference C4 (at 2.5145 0 270) (layer F.SilkS)
      (effects (font (size 0.8 0.8) (thickness 0.125)))
    )
    (fp_text value 10pF (at 0 1.43 270) (layer F.Fab)
      (effects (font (size 1 1) (thickness 0.15)))
    )
    (fp_line (start -0.8 0.4) (end -0.8 -0.4) (layer F.Fab) (width 0.1))
    (fp_line (start -0.8 -0.4) (end 0.8 -0.4) (layer F.Fab) (width 0.1))
    (fp_line (start 0.8 -0.4) (end 0.8 0.4) (layer F.Fab) (width 0.1))
    (fp_line (start 0.8 0.4) (end -0.8 0.4) (layer F.Fab) (width 0.1))
    (fp_line (start -0.162779 -0.51) (end 0.162779 -0.51) (layer F.SilkS) (width 0.12))
    (fp_line (start -0.162779 0.51) (end 0.162779 0.51) (layer F.SilkS) (width 0.12))
    (fp_line (start -1.48 0.73) (end -1.48 -0.73) (layer F.CrtYd) (width 0.05))
    (fp_line (start -1.48 -0.73) (end 1.48 -0.73) (layer F.CrtYd) (width 0.05))
    (fp_line (start 1.48 -0.73) (end 1.48 0.73) (layer F.CrtYd) (width 0.05))
    (fp_line (start 1.48 0.73) (end -1.48 0.73) (layer F.CrtYd) (width 0.05))
    (fp_text user %R (at 0 0 270) (layer F.Fab)
      (effects (font (size 0.4 0.4) (thickness 0.06)))
    )
    (pad 1 smd roundrect (at -0.7875 0 270) (size 0.875 0.95) (layers F.Cu F.Paste F.Mask) (roundrect_rratio 0.25)
      (net 26 "Net-(C4-Pad1)"))
    (pad 2 smd roundrect (at 0.7875 0 270) (size 0.875 0.95) (layers F.Cu F.Paste F.Mask) (roundrect_rratio 0.25)
      (net 3 GNDD))
    (model ${KISYS3DMOD}/Capacitor_SMD.3dshapes/C_0603_1608Metric.wrl
      (at (xyz 0 0 0))
      (scale (xyz 1 1 1))
      (rotate (xyz 0 0 0))
    )
  )

  (module Capacitor_SMD:C_0603_1608Metric (layer F.Cu) (tedit 5B301BBE) (tstamp 5FB76D92)
    (at -20.6375 11.684 270)
    (descr "Capacitor SMD 0603 (1608 Metric), square (rectangular) end terminal, IPC_7351 nominal, (Body size source: http://www.tortai-tech.com/upload/download/2011102023233369053.pdf), generated with kicad-footprint-generator")
    (tags capacitor)
    (path /5C3AD1B4)
    (attr smd)
    (fp_text reference C5 (at 2.3115 0 90) (layer F.SilkS)
      (effects (font (size 0.8 0.8) (thickness 0.125)))
    )
    (fp_text value 100nF (at 0 1.43 270) (layer F.Fab)
      (effects (font (size 1 1) (thickness 0.15)))
    )
    (fp_text user %R (at 0 0 270) (layer F.Fab)
      (effects (font (size 0.4 0.4) (thickness 0.06)))
    )
    (fp_line (start 1.48 0.73) (end -1.48 0.73) (layer F.CrtYd) (width 0.05))
    (fp_line (start 1.48 -0.73) (end 1.48 0.73) (layer F.CrtYd) (width 0.05))
    (fp_line (start -1.48 -0.73) (end 1.48 -0.73) (layer F.CrtYd) (width 0.05))
    (fp_line (start -1.48 0.73) (end -1.48 -0.73) (layer F.CrtYd) (width 0.05))
    (fp_line (start -0.162779 0.51) (end 0.162779 0.51) (layer F.SilkS) (width 0.12))
    (fp_line (start -0.162779 -0.51) (end 0.162779 -0.51) (layer F.SilkS) (width 0.12))
    (fp_line (start 0.8 0.4) (end -0.8 0.4) (layer F.Fab) (width 0.1))
    (fp_line (start 0.8 -0.4) (end 0.8 0.4) (layer F.Fab) (width 0.1))
    (fp_line (start -0.8 -0.4) (end 0.8 -0.4) (layer F.Fab) (width 0.1))
    (fp_line (start -0.8 0.4) (end -0.8 -0.4) (layer F.Fab) (width 0.1))
    (pad 2 smd roundrect (at 0.7875 0 270) (size 0.875 0.95) (layers F.Cu F.Paste F.Mask) (roundrect_rratio 0.25)
      (net 3 GNDD))
    (pad 1 smd roundrect (at -0.7875 0 270) (size 0.875 0.95) (layers F.Cu F.Paste F.Mask) (roundrect_rratio 0.25)
      (net 6 VUSB))
    (model ${KISYS3DMOD}/Capacitor_SMD.3dshapes/C_0603_1608Metric.wrl
      (at (xyz 0 0 0))
      (scale (xyz 1 1 1))
      (rotate (xyz 0 0 0))
    )
  )

  (module Capacitor_SMD:C_0603_1608Metric (layer F.Cu) (tedit 5B301BBE) (tstamp 5FC1668D)
    (at -9.398 11.684 90)
    (descr "Capacitor SMD 0603 (1608 Metric), square (rectangular) end terminal, IPC_7351 nominal, (Body size source: http://www.tortai-tech.com/upload/download/2011102023233369053.pdf), generated with kicad-footprint-generator")
    (tags capacitor)
    (path /5C3BB279)
    (attr smd)
    (fp_text reference C6 (at -2.286 0 90) (layer F.SilkS)
      (effects (font (size 0.8 0.8) (thickness 0.125)))
    )
    (fp_text value 100nF (at 0 1.43 90) (layer F.Fab)
      (effects (font (size 1 1) (thickness 0.15)))
    )
    (fp_text user %R (at 0 0 90) (layer F.Fab)
      (effects (font (size 0.4 0.4) (thickness 0.06)))
    )
    (fp_line (start 1.48 0.73) (end -1.48 0.73) (layer F.CrtYd) (width 0.05))
    (fp_line (start 1.48 -0.73) (end 1.48 0.73) (layer F.CrtYd) (width 0.05))
    (fp_line (start -1.48 -0.73) (end 1.48 -0.73) (layer F.CrtYd) (width 0.05))
    (fp_line (start -1.48 0.73) (end -1.48 -0.73) (layer F.CrtYd) (width 0.05))
    (fp_line (start -0.162779 0.51) (end 0.162779 0.51) (layer F.SilkS) (width 0.12))
    (fp_line (start -0.162779 -0.51) (end 0.162779 -0.51) (layer F.SilkS) (width 0.12))
    (fp_line (start 0.8 0.4) (end -0.8 0.4) (layer F.Fab) (width 0.1))
    (fp_line (start 0.8 -0.4) (end 0.8 0.4) (layer F.Fab) (width 0.1))
    (fp_line (start -0.8 -0.4) (end 0.8 -0.4) (layer F.Fab) (width 0.1))
    (fp_line (start -0.8 0.4) (end -0.8 -0.4) (layer F.Fab) (width 0.1))
    (pad 2 smd roundrect (at 0.7875 0 90) (size 0.875 0.95) (layers F.Cu F.Paste F.Mask) (roundrect_rratio 0.25)
      (net 15 -BATT))
    (pad 1 smd roundrect (at -0.7875 0 90) (size 0.875 0.95) (layers F.Cu F.Paste F.Mask) (roundrect_rratio 0.25)
      (net 17 "Net-(C6-Pad1)"))
    (model ${KISYS3DMOD}/Capacitor_SMD.3dshapes/C_0603_1608Metric.wrl
      (at (xyz 0 0 0))
      (scale (xyz 1 1 1))
      (rotate (xyz 0 0 0))
    )
  )

  (module Diode_SMD:SC-90A (layer F.Cu) (tedit 5CB85B17) (tstamp 5FBD76DB)
    (at -14.732 -11.43)
    (path /5D1A876C)
    (fp_text reference D3 (at 1.524 0) (layer F.SilkS)
      (effects (font (size 0.8 0.8) (thickness 0.125)))
    )
    (fp_text value D_Zener (at 0 -6.096) (layer F.Fab)
      (effects (font (size 1 1) (thickness 0.15)))
    )
    (fp_line (start -0.625 -0.85) (end 0.625 -0.85) (layer F.SilkS) (width 0.15))
    (fp_line (start -0.625 0.85) (end 0.625 0.85) (layer F.SilkS) (width 0.15))
    (fp_line (start 0.625 -0.85) (end 0.625 0.85) (layer F.SilkS) (width 0.15))
    (fp_line (start -0.625 -0.85) (end -0.625 0.85) (layer F.SilkS) (width 0.15))
    (pad 1 smd rect (at 0 -1.2) (size 0.9 0.9) (layers F.Cu F.Paste F.Mask)
      (net 25 "Net-(D3-Pad1)"))
    (pad 2 smd rect (at 0 1.2) (size 0.9 0.9) (layers F.Cu F.Paste F.Mask)
      (net 3 GNDD))
  )

  (module Connector_JST:JST_PH_S2B-PH-SM4-TB_1x02-1MP_P2.00mm_Horizontal (layer F.Cu) (tedit 5B78AD87) (tstamp 5FB767CC)
    (at -20.828 -1.016 90)
    (descr "JST PH series connector, S2B-PH-SM4-TB (http://www.jst-mfg.com/product/pdf/eng/ePH.pdf), generated with kicad-footprint-generator")
    (tags "connector JST PH top entry")
    (path /5CE1E2C9)
    (attr smd)
    (fp_text reference J2 (at 3.302 -4.318 180) (layer F.SilkS)
      (effects (font (size 0.8 0.8) (thickness 0.125)))
    )
    (fp_text value Conn_01x02_Female (at 0 5.8 90) (layer F.Fab)
      (effects (font (size 1 1) (thickness 0.15)))
    )
    (fp_line (start -3.95 -3.2) (end -3.15 -3.2) (layer F.Fab) (width 0.1))
    (fp_line (start -3.15 -3.2) (end -3.15 -1.6) (layer F.Fab) (width 0.1))
    (fp_line (start -3.15 -1.6) (end 3.15 -1.6) (layer F.Fab) (width 0.1))
    (fp_line (start 3.15 -1.6) (end 3.15 -3.2) (layer F.Fab) (width 0.1))
    (fp_line (start 3.15 -3.2) (end 3.95 -3.2) (layer F.Fab) (width 0.1))
    (fp_line (start -4.06 0.94) (end -4.06 -3.31) (layer F.SilkS) (width 0.12))
    (fp_line (start -4.06 -3.31) (end -3.04 -3.31) (layer F.SilkS) (width 0.12))
    (fp_line (start -3.04 -3.31) (end -3.04 -1.71) (layer F.SilkS) (width 0.12))
    (fp_line (start -3.04 -1.71) (end -1.76 -1.71) (layer F.SilkS) (width 0.12))
    (fp_line (start -1.76 -1.71) (end -1.76 -4.6) (layer F.SilkS) (width 0.12))
    (fp_line (start 4.06 0.94) (end 4.06 -3.31) (layer F.SilkS) (width 0.12))
    (fp_line (start 4.06 -3.31) (end 3.04 -3.31) (layer F.SilkS) (width 0.12))
    (fp_line (start 3.04 -3.31) (end 3.04 -1.71) (layer F.SilkS) (width 0.12))
    (fp_line (start 3.04 -1.71) (end 1.76 -1.71) (layer F.SilkS) (width 0.12))
    (fp_line (start -2.34 4.51) (end 2.34 4.51) (layer F.SilkS) (width 0.12))
    (fp_line (start -3.95 4.4) (end 3.95 4.4) (layer F.Fab) (width 0.1))
    (fp_line (start -3.95 -3.2) (end -3.95 4.4) (layer F.Fab) (width 0.1))
    (fp_line (start 3.95 -3.2) (end 3.95 4.4) (layer F.Fab) (width 0.1))
    (fp_line (start -4.6 -5.1) (end -4.6 5.1) (layer F.CrtYd) (width 0.05))
    (fp_line (start -4.6 5.1) (end 4.6 5.1) (layer F.CrtYd) (width 0.05))
    (fp_line (start 4.6 5.1) (end 4.6 -5.1) (layer F.CrtYd) (width 0.05))
    (fp_line (start 4.6 -5.1) (end -4.6 -5.1) (layer F.CrtYd) (width 0.05))
    (fp_line (start -1.5 -1.6) (end -1 -0.892893) (layer F.Fab) (width 0.1))
    (fp_line (start -1 -0.892893) (end -0.5 -1.6) (layer F.Fab) (width 0.1))
    (fp_text user %R (at 0 1.5 90) (layer F.Fab)
      (effects (font (size 1 1) (thickness 0.15)))
    )
    (pad 1 smd roundrect (at -1 -2.85 90) (size 1 3.5) (layers F.Cu F.Paste F.Mask) (roundrect_rratio 0.25)
      (net 15 -BATT))
    (pad 2 smd roundrect (at 1 -2.85 90) (size 1 3.5) (layers F.Cu F.Paste F.Mask) (roundrect_rratio 0.25)
      (net 12 +BATT))
    (pad MP smd roundrect (at -3.35 2.9 90) (size 1.5 3.4) (layers F.Cu F.Paste F.Mask) (roundrect_rratio 0.166667))
    (pad MP smd roundrect (at 3.35 2.9 90) (size 1.5 3.4) (layers F.Cu F.Paste F.Mask) (roundrect_rratio 0.166667))
    (model ${KISYS3DMOD}/Connector_JST.3dshapes/JST_PH_S2B-PH-SM4-TB_1x02-1MP_P2.00mm_Horizontal.wrl
      (at (xyz 0 0 0))
      (scale (xyz 1 1 1))
      (rotate (xyz 0 0 0))
    )
  )

  (module Package_TO_SOT_SMD:SOT-23 (layer F.Cu) (tedit 5A02FF57) (tstamp 5FB78017)
    (at 12.7 -16.51)
    (descr "SOT-23, Standard")
    (tags SOT-23)
    (path /5D342D7A)
    (attr smd)
    (fp_text reference Q1 (at 0 2.286) (layer F.SilkS)
      (effects (font (size 0.8 0.8) (thickness 0.125)))
    )
    (fp_text value MMBT3904 (at 0 2.5) (layer F.Fab)
      (effects (font (size 1 1) (thickness 0.15)))
    )
    (fp_text user %R (at 0 0 90) (layer F.Fab)
      (effects (font (size 0.5 0.5) (thickness 0.075)))
    )
    (fp_line (start -0.7 -0.95) (end -0.7 1.5) (layer F.Fab) (width 0.1))
    (fp_line (start -0.15 -1.52) (end 0.7 -1.52) (layer F.Fab) (width 0.1))
    (fp_line (start -0.7 -0.95) (end -0.15 -1.52) (layer F.Fab) (width 0.1))
    (fp_line (start 0.7 -1.52) (end 0.7 1.52) (layer F.Fab) (width 0.1))
    (fp_line (start -0.7 1.52) (end 0.7 1.52) (layer F.Fab) (width 0.1))
    (fp_line (start 0.76 1.58) (end 0.76 0.65) (layer F.SilkS) (width 0.12))
    (fp_line (start 0.76 -1.58) (end 0.76 -0.65) (layer F.SilkS) (width 0.12))
    (fp_line (start -1.7 -1.75) (end 1.7 -1.75) (layer F.CrtYd) (width 0.05))
    (fp_line (start 1.7 -1.75) (end 1.7 1.75) (layer F.CrtYd) (width 0.05))
    (fp_line (start 1.7 1.75) (end -1.7 1.75) (layer F.CrtYd) (width 0.05))
    (fp_line (start -1.7 1.75) (end -1.7 -1.75) (layer F.CrtYd) (width 0.05))
    (fp_line (start 0.76 -1.58) (end -1.4 -1.58) (layer F.SilkS) (width 0.12))
    (fp_line (start 0.76 1.58) (end -0.7 1.58) (layer F.SilkS) (width 0.12))
    (pad 1 smd rect (at -1 -0.95) (size 0.9 0.8) (layers F.Cu F.Paste F.Mask)
      (net 32 "Net-(Q1-Pad1)"))
    (pad 2 smd rect (at -1 0.95) (size 0.9 0.8) (layers F.Cu F.Paste F.Mask)
      (net 3 GNDD))
    (pad 3 smd rect (at 1 0) (size 0.9 0.8) (layers F.Cu F.Paste F.Mask)
      (net 9 RST))
    (model ${KISYS3DMOD}/Package_TO_SOT_SMD.3dshapes/SOT-23.wrl
      (at (xyz 0 0 0))
      (scale (xyz 1 1 1))
      (rotate (xyz 0 0 0))
    )
  )

  (module Resistor_SMD:R_0603_1608Metric (layer F.Cu) (tedit 5B301BBD) (tstamp 5FC0BCEE)
    (at 0.127 21.463 270)
    (descr "Resistor SMD 0603 (1608 Metric), square (rectangular) end terminal, IPC_7351 nominal, (Body size source: http://www.tortai-tech.com/upload/download/2011102023233369053.pdf), generated with kicad-footprint-generator")
    (tags resistor)
    (path /5FC97439)
    (attr smd)
    (fp_text reference R1 (at 2.286 0 270) (layer F.SilkS)
      (effects (font (size 0.8 0.8) (thickness 0.125)))
    )
    (fp_text value 2k (at 0 1.43 270) (layer F.Fab)
      (effects (font (size 1 1) (thickness 0.15)))
    )
    (fp_line (start -0.8 0.4) (end -0.8 -0.4) (layer F.Fab) (width 0.1))
    (fp_line (start -0.8 -0.4) (end 0.8 -0.4) (layer F.Fab) (width 0.1))
    (fp_line (start 0.8 -0.4) (end 0.8 0.4) (layer F.Fab) (width 0.1))
    (fp_line (start 0.8 0.4) (end -0.8 0.4) (layer F.Fab) (width 0.1))
    (fp_line (start -0.162779 -0.51) (end 0.162779 -0.51) (layer F.SilkS) (width 0.12))
    (fp_line (start -0.162779 0.51) (end 0.162779 0.51) (layer F.SilkS) (width 0.12))
    (fp_line (start -1.48 0.73) (end -1.48 -0.73) (layer F.CrtYd) (width 0.05))
    (fp_line (start -1.48 -0.73) (end 1.48 -0.73) (layer F.CrtYd) (width 0.05))
    (fp_line (start 1.48 -0.73) (end 1.48 0.73) (layer F.CrtYd) (width 0.05))
    (fp_line (start 1.48 0.73) (end -1.48 0.73) (layer F.CrtYd) (width 0.05))
    (fp_text user %R (at 0 0 270) (layer F.Fab)
      (effects (font (size 0.4 0.4) (thickness 0.06)))
    )
    (pad 1 smd roundrect (at -0.7875 0 270) (size 0.875 0.95) (layers F.Cu F.Paste F.Mask) (roundrect_rratio 0.25)
      (net 3 GNDD))
    (pad 2 smd roundrect (at 0.7875 0 270) (size 0.875 0.95) (layers F.Cu F.Paste F.Mask) (roundrect_rratio 0.25)
      (net 7 "Net-(D1-Pad1)"))
    (model ${KISYS3DMOD}/Resistor_SMD.3dshapes/R_0603_1608Metric.wrl
      (at (xyz 0 0 0))
      (scale (xyz 1 1 1))
      (rotate (xyz 0 0 0))
    )
  )

  (module Resistor_SMD:R_0603_1608Metric (layer F.Cu) (tedit 5B301BBD) (tstamp 5FB7B234)
    (at 17.78 -14.732)
    (descr "Resistor SMD 0603 (1608 Metric), square (rectangular) end terminal, IPC_7351 nominal, (Body size source: http://www.tortai-tech.com/upload/download/2011102023233369053.pdf), generated with kicad-footprint-generator")
    (tags resistor)
    (path /5CAE466F)
    (attr smd)
    (fp_text reference R2 (at 2.54 0) (layer F.SilkS)
      (effects (font (size 0.8 0.8) (thickness 0.125)))
    )
    (fp_text value 10k (at 0 1.43) (layer F.Fab)
      (effects (font (size 1 1) (thickness 0.15)))
    )
    (fp_text user %R (at 0 0) (layer F.Fab)
      (effects (font (size 0.4 0.4) (thickness 0.06)))
    )
    (fp_line (start 1.48 0.73) (end -1.48 0.73) (layer F.CrtYd) (width 0.05))
    (fp_line (start 1.48 -0.73) (end 1.48 0.73) (layer F.CrtYd) (width 0.05))
    (fp_line (start -1.48 -0.73) (end 1.48 -0.73) (layer F.CrtYd) (width 0.05))
    (fp_line (start -1.48 0.73) (end -1.48 -0.73) (layer F.CrtYd) (width 0.05))
    (fp_line (start -0.162779 0.51) (end 0.162779 0.51) (layer F.SilkS) (width 0.12))
    (fp_line (start -0.162779 -0.51) (end 0.162779 -0.51) (layer F.SilkS) (width 0.12))
    (fp_line (start 0.8 0.4) (end -0.8 0.4) (layer F.Fab) (width 0.1))
    (fp_line (start 0.8 -0.4) (end 0.8 0.4) (layer F.Fab) (width 0.1))
    (fp_line (start -0.8 -0.4) (end 0.8 -0.4) (layer F.Fab) (width 0.1))
    (fp_line (start -0.8 0.4) (end -0.8 -0.4) (layer F.Fab) (width 0.1))
    (pad 2 smd roundrect (at 0.7875 0) (size 0.875 0.95) (layers F.Cu F.Paste F.Mask) (roundrect_rratio 0.25)
      (net 10 SDA))
    (pad 1 smd roundrect (at -0.7875 0) (size 0.875 0.95) (layers F.Cu F.Paste F.Mask) (roundrect_rratio 0.25)
      (net 4 3.3V))
    (model ${KISYS3DMOD}/Resistor_SMD.3dshapes/R_0603_1608Metric.wrl
      (at (xyz 0 0 0))
      (scale (xyz 1 1 1))
      (rotate (xyz 0 0 0))
    )
  )

  (module Resistor_SMD:R_0603_1608Metric (layer F.Cu) (tedit 5B301BBD) (tstamp 5FB76A1A)
    (at 17.78 -13.208)
    (descr "Resistor SMD 0603 (1608 Metric), square (rectangular) end terminal, IPC_7351 nominal, (Body size source: http://www.tortai-tech.com/upload/download/2011102023233369053.pdf), generated with kicad-footprint-generator")
    (tags resistor)
    (path /5CAE4431)
    (attr smd)
    (fp_text reference R3 (at 2.54 0) (layer F.SilkS)
      (effects (font (size 0.8 0.8) (thickness 0.125)))
    )
    (fp_text value 10k (at 0 1.43) (layer F.Fab)
      (effects (font (size 1 1) (thickness 0.15)))
    )
    (fp_line (start -0.8 0.4) (end -0.8 -0.4) (layer F.Fab) (width 0.1))
    (fp_line (start -0.8 -0.4) (end 0.8 -0.4) (layer F.Fab) (width 0.1))
